Just sent msg to Iridium

Just sent msg to Iridium0,0,0,0,0,0,0.0,0.0,0,0.0,0.0,0,0nan,nan,2018-11-15T23:47:48.220Z,nan,nan,nan,1.0,-0.0,1st,0.0,0.0,0,temp=49.8'C
nan,nan,2018-11-15T23:49:58.220Z,nan,nan,nan,1.0,-0.0,1st,0.0,0.0,0,temp=49.8'C
nan,nan,2018-11-15T23:52:07.020Z,nan,nan,nan,1.0,0.0,1st,0.0,0.0,0,temp=49.8'C
nan,nan,2018-11-15T23:54:16.020Z,nan,nan,nan,1.0,-0.0,1st,0.0,0.0,0,temp=49.8'C
38.19135559,-83.430032359,2018-11-15T23:56:25.000Z,21.4639,2.127,1881.90472927,1.0,-0.0,1st,0.0,0.0,0,temp=49.8'C
nan,nan,2018-11-15T23:58:34.020Z,nan,nan,nan,1.0,0.0,1st,0.0,0.0,0,temp=49.8'C
Just sent msg to Iridium0,0,0,0,0,0,0.0,0.0,0,0.0,0.0,0,0nan,nan,2018-11-16T00:52:10.300Z,nan,nan,nan,12.9,0.3,1st,0.0,0.0,0,temp=47.6'C
nan,nan,2018-11-16T00:54:20.300Z,nan,nan,nan,12.9,0.3,1st,0.0,0.0,0,temp=48.7'C
nan,nan,2018-11-16T00:56:29.300Z,nan,nan,nan,12.9,0.3,1st,0.0,0.0,0,temp=48.7'C
nan,nan,2018-11-16T00:58:38.300Z,nan,nan,nan,12.9,0.3,1st,0.0,0.0,0,temp=49.2'C
nan,nan,2018-11-16T01:00:48.310Z,nan,nan,nan,12.9,0.3,1st,0.0,0.0,0,temp=48.7'C
nan,nan,2018-11-16T01:02:57.300Z,nan,nan,nan,12.9,0.3,1st,0.0,0.0,0,temp=49.2'C
nan,nan,2018-11-16T01:05:06.300Z,nan,nan,nan,12.9,0.2,1st,0.0,0.0,0,temp=49.8'C
nan,nan,2018-11-16T01:07:16.300Z,nan,nan,nan,12.9,0.3,1st,0.0,0.0,0,temp=49.2'C
nan,nan,2018-11-16T01:09:25.310Z,nan,nan,nan,12.9,0.3,1st,0.0,0.0,0,temp=49.2'C
nan,nan,2018-11-16T01:11:34.300Z,nan,nan,nan,12.9,0.3,1st,0.0,0.0,0,temp=50.3'C
nan,nan,2018-11-16T01:13:44.300Z,nan,nan,nan,12.9,0.3,1st,0.0,0.0,0,temp=49.2'C
nan,nan,2018-11-16T01:15:53.300Z,nan,nan,nan,12.9,0.3,1st,0.0,0.0,0,temp=49.2'C
nan,nan,2018-11-16T01:18:03.300Z,nan,nan,nan,12.9,0.3,1st,0.0,0.0,0,temp=49.2'C
nan,nan,2018-11-16T01:20:12.300Z,nan,nan,nan,12.9,0.3,1st,0.0,0.0,0,temp=49.8'C
nan,nan,2018-11-16T01:22:24.300Z,nan,nan,nan,12.9,0.3,1st,0.0,0.0,0,temp=49.2'C
nan,nan,2018-11-16T01:24:33.300Z,nan,nan,nan,12.9,0.3,1st,0.0,0.0,0,temp=49.8'C
nan,nan,2018-11-16T01:26:42.300Z,nan,nan,nan,12.8,0.3,1st,0.0,0.0,0,temp=49.8'C
nan,nan,2018-11-16T01:28:51.300Z,nan,nan,nan,12.8,0.3,1st,0.0,0.0,0,temp=48.7'C
nan,nan,2018-11-16T01:31:00.300Z,nan,nan,nan,12.8,0.3,1st,0.0,0.0,0,temp=49.8'C
nan,nan,2018-11-16T01:33:09.300Z,nan,nan,nan,12.8,0.3,1st,0.0,0.0,0,temp=49.2'C
nan,nan,2018-11-16T01:35:18.300Z,nan,nan,nan,12.8,0.3,1st,0.0,0.0,0,temp=49.8'C
nan,nan,2018-11-16T01:37:27.300Z,nan,nan,nan,12.8,0.3,1st,0.0,0.0,0,temp=49.8'C
nan,nan,2018-11-16T01:39:36.300Z,nan,nan,nan,12.8,0.3,1st,0.0,0.0,0,temp=50.3'C
nan,nan,2018-11-16T01:41:45.300Z,nan,nan,nan,12.8,0.3,1st,0.0,0.0,0,temp=49.8'C
nan,nan,2018-11-16T01:43:56.300Z,nan,nan,nan,12.8,0.3,1st,0.0,0.0,0,temp=49.8'C
nan,nan,2018-11-16T01:46:05.310Z,nan,nan,nan,12.8,0.3,1st,0.0,0.0,0,temp=49.8'C
nan,nan,2018-11-16T01:48:14.310Z,nan,nan,nan,12.8,0.3,1st,0.0,0.0,0,temp=49.8'C
nan,nan,2018-11-16T01:50:24.310Z,nan,nan,nan,12.8,0.3,1st,0.0,0.0,0,temp=49.8'C
nan,nan,2018-11-16T01:52:33.310Z,nan,nan,nan,12.8,0.3,1st,0.0,0.0,0,temp=50.3'C
nan,nan,2018-11-16T01:54:42.310Z,nan,nan,nan,12.8,0.3,1st,0.0,0.0,0,temp=49.8'C
nan,nan,2018-11-16T01:56:52.310Z,nan,nan,nan,12.8,0.3,1st,0.0,0.0,0,temp=50.3'C
nan,nan,2018-11-16T01:59:01.310Z,nan,nan,nan,12.8,0.3,1st,0.0,0.0,0,temp=49.8'C
nan,nan,2018-11-16T02:01:10.310Z,nan,nan,nan,12.8,0.3,1st,0.0,0.0,0,temp=49.8'C
nan,nan,2018-11-16T02:03:19.310Z,nan,nan,nan,12.8,0.3,1st,0.0,0.0,0,temp=49.8'C
38.190664805,-83.430218603,2018-11-16T02:05:28.310Z,15.8915,4.181,1925.82580488,12.8,0.3,1st,0.0,0.0,0,temp=49.8'C
nan,nan,2018-11-16T02:07:38.310Z,nan,nan,nan,12.8,0.3,1st,0.0,0.0,0,temp=49.8'C
nan,nan,2018-11-16T02:09:47.310Z,nan,nan,nan,12.8,0.3,1st,0.0,0.0,0,temp=49.8'C
nan,nan,2018-11-16T02:11:56.310Z,nan,nan,nan,12.8,0.3,1st,0.0,0.0,0,temp=49.8'C
nan,nan,2018-11-16T02:14:05.310Z,nan,nan,nan,12.8,0.3,1st,0.0,0.0,0,temp=49.8'C
nan,nan,2018-11-16T02:16:14.310Z,nan,nan,nan,12.8,0.3,1st,0.0,0.0,0,temp=49.8'C
nan,nan,2018-11-16T02:18:23.310Z,nan,nan,nan,12.8,0.3,1st,0.0,0.0,0,temp=49.8'C
nan,nan,2018-11-16T02:20:33.310Z,nan,nan,nan,12.8,0.3,1st,0.0,0.0,0,temp=50.3'C
nan,nan,2018-11-16T02:22:42.310Z,nan,nan,nan,12.8,0.3,1st,0.0,0.0,0,temp=49.8'C
nan,nan,2018-11-16T02:24:51.310Z,nan,nan,nan,12.8,0.3,1st,0.0,0.0,0,temp=49.8'C
nan,nan,2018-11-16T02:27:00.310Z,nan,nan,nan,12.8,0.3,1st,0.0,0.0,0,temp=49.8'C
nan,nan,2018-11-16T02:29:09.310Z,nan,nan,nan,12.8,0.3,1st,0.0,0.0,0,temp=50.8'C
nan,nan,2018-11-16T02:31:18.310Z,nan,nan,nan,12.8,0.2,1st,0.0,0.0,0,temp=49.8'C
nan,nan,2018-11-16T02:33:27.310Z,nan,nan,nan,12.8,0.3,1st,0.0,0.0,0,temp=50.3'C
nan,nan,2018-11-16T02:35:36.310Z,nan,nan,nan,12.8,0.3,1st,0.0,0.0,0,temp=50.3'C
nan,nan,2018-11-16T02:37:45.310Z,nan,nan,nan,12.8,0.3,1st,0.0,0.0,0,temp=49.8'C
nan,nan,2018-11-16T02:39:55.310Z,nan,nan,nan,12.8,0.3,1st,0.0,0.0,0,temp=49.8'C
nan,nan,2018-11-16T02:42:04.310Z,nan,nan,nan,12.8,0.3,1st,0.0,0.0,0,temp=49.8'C
nan,nan,2018-11-16T02:44:13.310Z,nan,nan,nan,12.8,0.3,1st,0.0,0.0,0,temp=49.8'C
nan,nan,2018-11-16T02:46:23.310Z,nan,nan,nan,12.8,0.3,1st,0.0,0.0,0,temp=50.3'C
nan,nan,2018-11-16T02:48:32.310Z,nan,nan,nan,12.8,0.3,1st,0.0,0.0,0,temp=49.8'C
nan,nan,2018-11-16T02:50:41.310Z,nan,nan,nan,12.8,0.3,1st,0.0,0.0,0,temp=49.8'C
nan,nan,2018-11-16T02:52:51.310Z,nan,nan,nan,12.8,0.3,1st,0.0,0.0,0,temp=49.8'C
nan,nan,2018-11-16T02:55:00.310Z,nan,nan,nan,12.8,0.3,1st,0.0,0.0,0,temp=49.8'C
nan,nan,2018-11-16T02:57:09.310Z,nan,nan,nan,12.8,0.3,1st,0.0,0.0,0,temp=49.8'C
nan,nan,2018-11-16T02:59:18.310Z,nan,nan,nan,12.8,0.3,1st,0.0,0.0,0,temp=49.8'C
nan,nan,2018-11-16T03:01:27.310Z,nan,nan,nan,12.8,0.3,1st,0.0,0.0,0,temp=49.8'C
nan,nan,2018-11-16T03:03:36.310Z,nan,nan,nan,12.8,0.3,1st,0.0,0.0,0,temp=49.8'C
nan,nan,2018-11-16T03:05:47.310Z,nan,nan,nan,12.8,0.3,1st,0.0,0.0,0,temp=49.8'C
nan,nan,2018-11-16T03:07:56.310Z,nan,nan,nan,12.8,0.3,1st,0.0,0.0,0,temp=49.8'C
nan,nan,2018-11-16T03:10:04.310Z,nan,nan,nan,12.8,0.3,1st,0.0,0.0,0,temp=50.3'C
nan,nan,2018-11-16T03:12:14.310Z,nan,nan,nan,12.8,0.2,1st,0.0,0.0,0,temp=49.8'C
nan,nan,2018-11-16T03:14:23.310Z,nan,nan,nan,12.8,0.3,1st,0.0,0.0,0,temp=50.3'C
nan,nan,2018-11-16T03:16:32.310Z,nan,nan,nan,12.8,0.3,1st,0.0,0.0,0,temp=49.8'C
nan,nan,2018-11-16T03:18:42.310Z,nan,nan,nan,12.8,0.3,1st,0.0,0.0,0,temp=49.8'C
nan,nan,2018-11-16T03:20:51.310Z,nan,nan,nan,12.8,0.3,1st,0.0,0.0,0,temp=49.8'C
nan,nan,2018-11-16T03:23:02.310Z,nan,nan,nan,12.8,0.3,1st,0.0,0.0,0,temp=49.8'C
nan,nan,2018-11-16T03:25:11.310Z,nan,nan,nan,12.8,0.3,1st,0.0,0.0,0,temp=49.8'C
nan,nan,2018-11-16T03:27:20.310Z,nan,nan,nan,12.8,0.3,1st,0.0,0.0,0,temp=49.8'C
nan,nan,2018-11-16T03:29:29.310Z,nan,nan,nan,12.8,0.3,1st,0.0,0.0,0,temp=50.8'C
nan,nan,2018-11-16T03:31:39.310Z,nan,nan,nan,12.8,0.3,1st,0.0,0.0,0,temp=50.3'C
nan,nan,2018-11-16T03:33:48.310Z,nan,nan,nan,12.8,0.3,1st,0.0,0.0,0,temp=49.8'C
nan,nan,2018-11-16T03:35:57.310Z,nan,nan,nan,12.8,0.3,1st,0.0,0.0,0,temp=49.8'C
nan,nan,2018-11-16T03:38:06.310Z,nan,nan,nan,12.8,0.3,1st,0.0,0.0,0,temp=49.8'C
nan,nan,2018-11-16T03:40:16.310Z,nan,nan,nan,12.8,0.3,1st,0.0,0.0,0,temp=49.8'C
nan,nan,2018-11-16T03:42:25.310Z,nan,nan,nan,12.8,0.3,1st,0.0,0.0,0,temp=49.8'C
nan,nan,2018-11-16T03:44:34.310Z,nan,nan,nan,12.8,0.3,1st,0.0,0.0,0,temp=50.3'C
nan,nan,2018-11-16T03:46:43.320Z,nan,nan,nan,12.8,0.3,1st,0.0,0.0,0,temp=49.8'C
nan,nan,2018-11-16T03:48:53.320Z,nan,nan,nan,12.8,0.3,1st,0.0,0.0,0,temp=49.8'C
nan,nan,2018-11-16T03:51:02.320Z,nan,nan,nan,12.8,0.3,1st,0.0,0.0,0,temp=49.8'C
nan,nan,2018-11-16T03:53:11.320Z,nan,nan,nan,12.8,0.3,1st,0.0,0.0,0,temp=49.8'C
nan,nan,2018-11-16T03:55:20.320Z,nan,nan,nan,12.8,0.3,1st,0.0,0.0,0,temp=49.8'C
nan,nan,2018-11-16T03:57:29.310Z,nan,nan,nan,12.8,0.3,1st,0.0,0.0,0,temp=49.8'C
nan,nan,2018-11-16T03:59:38.330Z,nan,nan,nan,12.8,0.3,1st,0.0,0.0,0,temp=49.8'C
nan,nan,2018-11-16T04:01:48.320Z,nan,nan,nan,12.8,0.3,1st,0.0,0.0,0,temp=49.8'C
nan,nan,2018-11-16T04:03:57.320Z,nan,nan,nan,12.8,0.3,1st,0.0,0.0,0,temp=49.8'C
nan,nan,2018-11-16T04:06:06.320Z,nan,nan,nan,12.8,0.3,1st,0.0,0.0,0,temp=49.8'C
nan,nan,2018-11-16T04:08:15.310Z,nan,nan,nan,12.8,0.3,1st,0.0,0.0,0,temp=49.8'C
nan,nan,2018-11-16T04:10:24.320Z,nan,nan,nan,12.8,0.3,1st,0.0,0.0,0,temp=49.8'C
nan,nan,2018-11-16T04:12:33.320Z,nan,nan,nan,12.8,0.3,1st,0.0,0.0,0,temp=49.8'C
nan,nan,2018-11-16T04:14:42.320Z,nan,nan,nan,12.8,0.3,1st,0.0,0.0,0,temp=49.8'C
nan,nan,2018-11-16T04:16:51.320Z,nan,nan,nan,12.8,0.3,1st,0.0,0.0,0,temp=49.8'C
nan,nan,2018-11-16T04:19:00.320Z,nan,nan,nan,12.8,0.3,1st,0.0,0.0,0,temp=49.8'C
nan,nan,2018-11-16T04:21:09.320Z,nan,nan,nan,12.8,0.3,1st,0.0,0.0,0,temp=50.3'C
nan,nan,2018-11-16T04:23:18.320Z,nan,nan,nan,12.8,0.3,1st,0.0,0.0,0,temp=49.8'C
nan,nan,2018-11-16T04:25:27.320Z,nan,nan,nan,12.8,0.3,1st,0.0,0.0,0,temp=50.3'C
nan,nan,2018-11-16T04:27:36.320Z,nan,nan,nan,12.7,0.3,1st,0.0,0.0,0,temp=49.8'C
nan,nan,2018-11-16T04:29:45.320Z,nan,nan,nan,12.7,0.3,1st,0.0,0.0,0,temp=49.8'C
nan,nan,2018-11-16T04:31:54.320Z,nan,nan,nan,12.7,0.3,1st,0.0,0.0,0,temp=49.8'C
nan,nan,2018-11-16T04:34:03.320Z,nan,nan,nan,12.7,0.3,1st,0.0,0.0,0,temp=49.8'C
nan,nan,2018-11-16T04:36:12.320Z,nan,nan,nan,12.7,0.3,1st,0.0,0.0,0,temp=49.8'C
nan,nan,2018-11-16T04:38:21.320Z,nan,nan,nan,12.7,0.3,1st,0.0,0.0,0,temp=49.8'C
nan,nan,2018-11-16T04:40:30.320Z,nan,nan,nan,12.7,0.3,1st,0.0,0.0,0,temp=49.8'C
nan,nan,2018-11-16T04:42:39.320Z,nan,nan,nan,12.7,0.3,1st,0.0,0.0,0,temp=50.8'C
nan,nan,2018-11-16T04:44:49.320Z,nan,nan,nan,12.7,0.3,1st,0.0,0.0,0,temp=50.3'C
nan,nan,2018-11-16T04:46:58.320Z,nan,nan,nan,12.7,0.3,1st,0.0,0.0,0,temp=49.8'C
nan,nan,2018-11-16T04:49:07.330Z,nan,nan,nan,12.7,0.3,1st,0.0,0.0,0,temp=49.8'C
nan,nan,2018-11-16T04:51:16.330Z,nan,nan,nan,12.7,0.3,1st,0.0,0.0,0,temp=49.8'C
nan,nan,2018-11-16T04:53:25.330Z,nan,nan,nan,12.7,0.3,1st,0.0,0.0,0,temp=49.8'C
nan,nan,2018-11-16T04:55:35.330Z,nan,nan,nan,12.7,0.3,1st,0.0,0.0,0,temp=49.8'C
nan,nan,2018-11-16T04:57:45.330Z,nan,nan,nan,12.7,0.3,1st,0.0,0.0,0,temp=50.3'C
nan,nan,2018-11-16T04:59:54.330Z,nan,nan,nan,12.7,0.3,1st,0.0,0.0,0,temp=49.8'C
nan,nan,2018-11-16T05:02:03.330Z,nan,nan,nan,12.7,0.3,1st,0.0,0.0,0,temp=49.8'C
nan,nan,2018-11-16T05:04:12.330Z,nan,nan,nan,12.7,0.3,1st,0.0,0.0,0,temp=50.3'C
nan,nan,2018-11-16T05:06:21.330Z,nan,nan,nan,12.7,0.3,1st,0.0,0.0,0,temp=49.2'C
nan,nan,2018-11-16T05:08:30.330Z,nan,nan,nan,12.7,0.3,1st,0.0,0.0,0,temp=49.2'C
nan,nan,2018-11-16T05:10:39.330Z,nan,nan,nan,12.7,0.3,1st,0.0,0.0,0,temp=49.2'C
nan,nan,2018-11-16T05:12:49.330Z,nan,nan,nan,12.7,0.3,1st,0.0,0.0,0,temp=49.8'C
nan,nan,2018-11-16T05:14:58.330Z,nan,nan,nan,12.7,0.3,1st,0.0,0.0,0,temp=49.8'C
nan,nan,2018-11-16T05:17:08.330Z,nan,nan,nan,12.7,0.3,1st,0.0,0.0,0,temp=50.3'C
nan,nan,2018-11-16T05:19:17.330Z,nan,nan,nan,12.7,0.3,1st,0.0,0.0,0,temp=49.8'C
nan,nan,2018-11-16T05:21:26.330Z,nan,nan,nan,12.7,0.3,1st,0.0,0.0,0,temp=49.2'C
nan,nan,2018-11-16T05:23:35.330Z,nan,nan,nan,12.7,0.3,1st,0.0,0.0,0,temp=49.8'C
nan,nan,2018-11-16T05:25:45.330Z,nan,nan,nan,12.7,0.3,1st,0.0,0.0,0,temp=49.8'C
nan,nan,2018-11-16T05:27:54.330Z,nan,nan,nan,12.7,0.3,1st,0.0,0.0,0,temp=49.2'C
nan,nan,2018-11-16T05:30:04.340Z,nan,nan,nan,12.7,0.3,1st,0.0,0.0,0,temp=49.8'C
nan,nan,2018-11-16T05:32:13.340Z,nan,nan,nan,12.7,0.3,1st,0.0,0.0,0,temp=49.8'C
nan,nan,2018-11-16T05:34:22.330Z,nan,nan,nan,12.7,0.3,1st,0.0,0.0,0,temp=50.3'C
nan,nan,2018-11-16T05:36:32.330Z,nan,nan,nan,12.7,0.3,1st,0.0,0.0,0,temp=49.8'C
nan,nan,2018-11-16T05:38:41.330Z,nan,nan,nan,12.7,0.3,1st,0.0,0.0,0,temp=49.8'C
nan,nan,2018-11-16T05:40:50.340Z,nan,nan,nan,12.7,0.3,1st,0.0,0.0,0,temp=49.8'C
nan,nan,2018-11-16T05:42:59.340Z,nan,nan,nan,12.7,0.3,1st,0.0,0.0,0,temp=49.2'C
nan,nan,2018-11-16T05:45:08.340Z,nan,nan,nan,12.7,0.3,1st,0.0,0.0,0,temp=50.3'C
nan,nan,2018-11-16T05:47:17.340Z,nan,nan,nan,12.7,0.3,1st,0.0,0.0,0,temp=49.8'C
nan,nan,2018-11-16T05:49:27.340Z,nan,nan,nan,12.7,0.3,1st,0.0,0.0,0,temp=50.3'C
nan,nan,2018-11-16T05:51:36.340Z,nan,nan,nan,12.7,0.3,1st,0.0,0.0,0,temp=49.8'C
nan,nan,2018-11-16T05:53:45.340Z,nan,nan,nan,12.7,0.3,1st,0.0,0.0,0,temp=49.8'C
nan,nan,2018-11-16T05:55:55.340Z,nan,nan,nan,12.7,0.3,1st,0.0,0.0,0,temp=49.2'C
nan,nan,2018-11-16T05:58:04.340Z,nan,nan,nan,12.7,0.3,1st,0.0,0.0,0,temp=49.8'C
nan,nan,2018-11-16T06:00:13.340Z,nan,nan,nan,12.7,0.3,1st,0.0,0.0,0,temp=49.8'C
nan,nan,2018-11-16T06:02:23.340Z,nan,nan,nan,12.7,0.3,1st,0.0,0.0,0,temp=49.8'C
nan,nan,2018-11-16T06:04:32.340Z,nan,nan,nan,12.7,0.3,1st,0.0,0.0,0,temp=49.8'C
nan,nan,2018-11-16T06:06:41.340Z,nan,nan,nan,12.7,0.3,1st,0.0,0.0,0,temp=49.8'C
nan,nan,2018-11-16T06:08:50.340Z,nan,nan,nan,12.7,0.3,1st,0.0,0.0,0,temp=49.8'C
nan,nan,2018-11-16T06:10:59.340Z,nan,nan,nan,12.7,0.3,1st,0.0,0.0,0,temp=48.7'C
nan,nan,2018-11-16T06:13:08.340Z,nan,nan,nan,12.7,0.3,1st,0.0,0.0,0,temp=48.7'C
nan,nan,2018-11-16T06:15:18.050Z,nan,nan,nan,12.7,0.3,1st,0.0,0.0,0,temp=49.8'C
38.191034448,-83.430665943,2018-11-16T06:17:27.000Z,328.9777,0.908,1718.32573597,12.7,0.3,1st,0.0,0.0,0,temp=49.8'C
nan,nan,2018-11-16T06:19:36.050Z,nan,nan,nan,12.7,0.3,1st,0.0,0.0,0,temp=49.8'C
nan,nan,2018-11-16T06:21:45.050Z,nan,nan,nan,12.7,0.3,1st,0.0,0.0,0,temp=49.8'C
38.191144585,-83.430283138,2018-11-16T06:23:55.000Z,9.1,1.509,1826.81354338,12.7,0.3,1st,0.0,0.0,0,temp=49.8'C
nan,nan,2018-11-16T06:26:09.040Z,nan,nan,nan,12.7,0.3,1st,0.0,0.0,0,temp=49.8'C
nan,nan,2018-11-16T06:28:18.040Z,nan,nan,nan,12.7,0.3,1st,0.0,0.0,0,temp=49.8'C
nan,nan,2018-11-16T06:30:28.040Z,nan,nan,nan,12.7,0.3,1st,0.0,0.0,0,temp=49.8'C
nan,nan,2018-11-16T06:32:38.040Z,nan,nan,nan,12.7,0.3,1st,0.0,0.0,0,temp=49.8'C
nan,nan,2018-11-16T06:34:47.040Z,nan,nan,nan,12.7,0.3,1st,0.0,0.0,0,temp=49.8'C
nan,nan,2018-11-16T06:36:57.040Z,nan,nan,nan,12.7,0.3,1st,0.0,0.0,0,temp=49.8'C
nan,nan,2018-11-16T06:39:06.040Z,nan,nan,nan,12.7,0.3,1st,0.0,0.0,0,temp=49.8'C
nan,nan,2018-11-16T06:41:15.040Z,nan,nan,nan,12.7,0.3,1st,0.0,0.0,0,temp=49.2'C
nan,nan,2018-11-16T06:43:24.040Z,nan,nan,nan,12.7,0.3,1st,0.0,0.0,0,temp=49.8'C
nan,nan,2018-11-16T06:45:33.040Z,nan,nan,nan,12.7,0.3,1st,0.0,0.0,0,temp=49.8'C
nan,nan,2018-11-16T06:47:42.040Z,nan,nan,nan,12.7,0.3,1st,0.0,0.0,0,temp=49.8'C
nan,nan,2018-11-16T06:49:51.040Z,nan,nan,nan,12.7,0.3,1st,0.0,0.0,0,temp=49.2'C
nan,nan,2018-11-16T06:52:00.040Z,nan,nan,nan,12.7,0.3,1st,0.0,0.0,0,temp=49.8'C
nan,nan,2018-11-16T06:54:09.040Z,nan,nan,nan,12.7,0.3,1st,0.0,0.0,0,temp=49.2'C
nan,nan,2018-11-16T06:56:18.050Z,nan,nan,nan,12.7,0.3,1st,0.0,0.0,0,temp=49.8'C
nan,nan,2018-11-16T06:58:29.050Z,nan,nan,nan,12.7,0.3,1st,0.0,0.0,0,temp=49.2'C
nan,nan,2018-11-16T07:00:38.050Z,nan,nan,nan,12.7,0.3,1st,0.0,0.0,0,temp=49.8'C
nan,nan,2018-11-16T07:02:47.050Z,nan,nan,nan,12.7,0.3,1st,0.0,0.0,0,temp=49.2'C
38.190939758,-83.430277372,2018-11-16T07:04:56.000Z,122.61,1.145,1860.55139815,12.7,0.3,1st,0.0,0.0,0,temp=48.7'C
nan,nan,2018-11-16T07:07:06.050Z,nan,nan,nan,12.7,0.3,1st,0.0,0.0,0,temp=49.8'C
38.191651856,-83.430228159,2018-11-16T07:09:15.000Z,175.7696,0.908,1778.14539846,12.7,0.3,1st,0.0,0.0,0,temp=49.8'C
nan,nan,2018-11-16T07:11:24.050Z,nan,nan,nan,12.7,0.3,1st,0.0,0.0,0,temp=49.8'C
38.19110492,-83.430123491,2018-11-16T07:13:33.000Z,287.5834,0.07,1885.94910697,12.7,0.3,1st,0.0,0.0,0,temp=49.8'C
nan,nan,2018-11-16T07:15:42.000Z,nan,nan,nan,12.7,0.3,1st,0.0,0.0,0,temp=49.8'C
nan,nan,2018-11-16T07:17:51.050Z,nan,nan,nan,12.7,0.3,1st,0.0,0.0,0,temp=49.8'C
38.191057783,-83.430308015,2018-11-16T07:20:02.000Z,4.6714,0.176,1831.78569836,12.7,0.3,1st,0.0,0.0,0,temp=49.8'C
nan,nan,2018-11-16T07:22:11.040Z,nan,nan,nan,12.6,0.3,1st,0.0,0.0,0,temp=49.8'C
nan,nan,2018-11-16T07:24:20.040Z,nan,nan,nan,12.7,0.3,1st,0.0,0.0,0,temp=49.2'C
nan,nan,2018-11-16T07:26:29.040Z,nan,nan,nan,12.6,0.3,1st,0.0,0.0,0,temp=50.3'C
nan,nan,2018-11-16T07:28:38.040Z,nan,nan,nan,12.7,0.3,1st,0.0,0.0,0,temp=49.2'C
nan,nan,2018-11-16T07:30:47.040Z,nan,nan,nan,12.6,0.3,1st,0.0,0.0,0,temp=49.8'C
38.190877036,-83.430215928,2018-11-16T07:32:56.000Z,239.6132,1.378,1890.82011168,12.6,0.3,1st,0.0,0.0,0,temp=49.8'C
38.190750629,-83.430328496,2018-11-16T07:35:05.000Z,204.8613,1.42,1875.62719439,12.6,0.3,1st,0.0,0.0,0,temp=49.8'C
nan,nan,2018-11-16T07:37:14.050Z,nan,nan,nan,12.6,0.3,1st,0.0,0.0,0,temp=49.8'C
nan,nan,2018-11-16T07:39:23.050Z,nan,nan,nan,12.6,0.3,1st,0.0,0.0,0,temp=49.2'C
nan,nan,2018-11-16T07:41:32.050Z,nan,nan,nan,12.6,0.3,1st,0.0,0.0,0,temp=49.8'C
nan,nan,2018-11-16T07:43:41.050Z,nan,nan,nan,12.6,0.3,1st,0.0,0.0,0,temp=49.2'C
nan,nan,2018-11-16T07:45:51.050Z,nan,nan,nan,12.6,0.3,1st,0.0,0.0,0,temp=49.2'C
38.191113979,-83.430377487,2018-11-16T07:48:00.000Z,319.8739,0.689,1800.12267544,12.6,0.3,1st,0.0,0.0,0,temp=49.8'C
38.19107397,-83.430469447,2018-11-16T07:50:09.000Z,71.0373,1.096,1776.04746335,12.6,0.3,1st,0.0,0.0,0,temp=49.2'C
nan,nan,2018-11-16T07:52:18.050Z,nan,nan,nan,12.6,0.3,1st,0.0,0.0,0,temp=49.2'C
nan,nan,2018-11-16T07:54:27.050Z,nan,nan,nan,12.6,0.3,1st,0.0,0.0,0,temp=48.7'C
nan,nan,2018-11-16T07:56:36.050Z,nan,nan,nan,12.6,0.3,1st,0.0,0.0,0,temp=49.2'C
38.191015159,-83.430557488,2018-11-16T07:58:45.000Z,59.0775,0.306,1756.77890525,12.6,0.3,1st,0.0,0.0,0,temp=49.8'C
nan,nan,2018-11-16T08:00:54.040Z,nan,nan,nan,12.6,0.3,1st,0.0,0.0,0,temp=49.8'C
nan,nan,2018-11-16T08:03:03.040Z,nan,nan,nan,12.6,0.3,1st,0.0,0.0,0,temp=49.8'C
nan,nan,2018-11-16T08:05:12.050Z,nan,nan,nan,12.6,0.3,1st,0.0,0.0,0,temp=49.8'C
nan,nan,2018-11-16T08:07:22.000Z,nan,nan,nan,12.6,0.3,1st,0.0,0.0,0,temp=49.8'C
nan,nan,2018-11-16T08:09:32.040Z,nan,nan,nan,12.6,0.3,1st,0.0,0.0,0,temp=49.2'C
nan,nan,2018-11-16T08:11:41.040Z,nan,nan,nan,12.6,0.3,1st,0.0,0.0,0,temp=49.8'C
nan,nan,2018-11-16T08:13:50.040Z,nan,nan,nan,12.6,0.3,1st,0.0,0.0,0,temp=49.2'C
nan,nan,2018-11-16T08:15:59.050Z,nan,nan,nan,12.6,0.3,1st,0.0,0.0,0,temp=49.2'C
nan,nan,2018-11-16T08:18:08.050Z,nan,nan,nan,12.6,0.3,1st,0.0,0.0,0,temp=49.8'C
nan,nan,2018-11-16T08:20:17.050Z,nan,nan,nan,12.6,0.3,1st,0.0,0.0,0,temp=48.7'C
nan,nan,2018-11-16T08:22:26.050Z,nan,nan,nan,12.6,0.3,1st,0.0,0.0,0,temp=49.8'C
nan,nan,2018-11-16T08:24:36.050Z,nan,nan,nan,12.6,0.3,1st,0.0,0.0,0,temp=49.2'C
nan,nan,2018-11-16T08:26:45.040Z,nan,nan,nan,12.6,0.3,1st,0.0,0.0,0,temp=49.8'C
nan,nan,2018-11-16T08:28:54.050Z,nan,nan,nan,12.6,0.3,1st,0.0,0.0,0,temp=49.8'C
nan,nan,2018-11-16T08:31:03.050Z,nan,nan,nan,12.6,0.3,1st,0.0,0.0,0,temp=49.8'C
nan,nan,2018-11-16T08:33:12.050Z,nan,nan,nan,12.6,0.3,1st,0.0,0.0,0,temp=49.8'C
nan,nan,2018-11-16T08:35:21.050Z,nan,nan,nan,12.6,0.3,1st,0.0,0.0,0,temp=49.8'C
38.19120057,-83.429881978,2018-11-16T08:37:30.050Z,87.5798,4.297,1953.66108536,12.6,0.3,1st,0.0,0.0,0,temp=49.8'C
nan,nan,2018-11-16T08:39:39.050Z,nan,nan,nan,12.6,0.3,1st,0.0,0.0,0,temp=49.2'C
nan,nan,2018-11-16T08:41:48.040Z,nan,nan,nan,12.6,0.3,1st,0.0,0.0,0,temp=49.2'C
nan,nan,2018-11-16T08:43:57.040Z,nan,nan,nan,12.6,0.3,1st,0.0,0.0,0,temp=49.8'C
38.191364761,-83.43044113,2018-11-16T08:46:06.040Z,304.6911,8.9,1741.99273451,12.6,0.3,1st,0.0,0.0,0,temp=49.8'C
nan,nan,2018-11-16T08:48:16.040Z,nan,nan,nan,12.6,0.3,1st,0.0,0.0,0,temp=49.2'C
nan,nan,2018-11-16T08:50:26.040Z,nan,nan,nan,12.6,0.3,1st,0.0,0.0,0,temp=49.2'C
38.191198321,-83.430177703,2018-11-16T08:52:35.000Z,227.8663,0.464,1854.21065486,12.6,0.3,1st,0.0,0.0,0,temp=49.8'C
nan,nan,2018-11-16T08:54:45.050Z,nan,nan,nan,12.6,0.3,1st,0.0,0.0,0,temp=49.2'C
nan,nan,2018-11-16T08:56:54.050Z,nan,nan,nan,12.6,0.3,1st,0.0,0.0,0,temp=49.2'C
38.191364302,-83.429959698,2018-11-16T08:59:03.000Z,55.2675,1.18,1905.5979867,12.6,0.3,1st,0.0,0.0,0,temp=49.2'C
38.191076012,-83.430837063,2018-11-16T09:01:12.000Z,338.7195,0.303,1655.92629114,12.6,0.3,1st,0.0,0.0,0,temp=49.8'C
nan,nan,2018-11-16T09:03:21.050Z,nan,nan,nan,12.6,0.3,1st,0.0,0.0,0,temp=49.2'C
nan,nan,2018-11-16T09:05:30.050Z,nan,nan,nan,12.6,0.3,1st,0.0,0.0,0,temp=49.8'C
nan,nan,2018-11-16T09:07:39.050Z,nan,nan,nan,12.6,0.3,1st,0.0,0.0,0,temp=49.8'C
nan,nan,2018-11-16T09:09:48.050Z,nan,nan,nan,12.6,0.3,1st,0.0,0.0,0,temp=49.8'C
38.191187845,-83.430784349,2018-11-16T09:11:57.000Z,315.6645,1.969,1654.50975412,12.6,0.3,1st,0.0,0.0,0,temp=49.8'C
nan,nan,2018-11-16T09:14:08.050Z,nan,nan,nan,12.6,0.3,1st,0.0,0.0,0,temp=49.8'C
nan,nan,2018-11-16T09:16:18.050Z,nan,nan,nan,12.6,0.3,1st,0.0,0.0,0,temp=49.8'C
38.191699848,-83.431343091,2018-11-16T09:18:27.000Z,323.0657,4.372,1391.01742795,12.6,0.3,1st,0.0,0.0,0,temp=48.7'C
nan,nan,2018-11-16T09:20:37.050Z,nan,nan,nan,12.6,0.3,1st,0.0,0.0,0,temp=49.8'C
nan,nan,2018-11-16T09:22:46.050Z,nan,nan,nan,12.6,0.3,1st,0.0,0.0,0,temp=49.8'C
nan,nan,2018-11-16T09:24:56.040Z,nan,nan,nan,12.6,0.3,1st,0.0,0.0,0,temp=49.8'C
nan,nan,2018-11-16T09:27:05.040Z,nan,nan,nan,12.6,0.3,1st,0.0,0.0,0,temp=49.2'C
nan,nan,2018-11-16T09:29:14.040Z,nan,nan,nan,12.6,0.3,1st,0.0,0.0,0,temp=49.8'C
nan,nan,2018-11-16T09:31:23.040Z,nan,nan,nan,12.6,0.3,1st,0.0,0.0,0,temp=49.8'C
nan,nan,2018-11-16T09:33:32.040Z,nan,nan,nan,12.6,0.3,1st,0.0,0.0,0,temp=49.2'C
nan,nan,2018-11-16T09:35:41.050Z,nan,nan,nan,12.6,0.3,1st,0.0,0.0,0,temp=48.7'C
nan,nan,2018-11-16T09:37:51.040Z,nan,nan,nan,12.6,0.3,1st,0.0,0.0,0,temp=49.8'C
nan,nan,2018-11-16T09:40:00.040Z,nan,nan,nan,12.6,0.3,1st,0.0,0.0,0,temp=49.2'C
nan,nan,2018-11-16T09:42:09.050Z,nan,nan,nan,12.6,0.3,1st,0.0,0.0,0,temp=49.8'C
nan,nan,2018-11-16T09:44:18.040Z,nan,nan,nan,12.6,0.3,1st,0.0,0.0,0,temp=49.8'C
nan,nan,2018-11-16T09:46:27.040Z,nan,nan,nan,12.6,0.3,1st,0.0,0.0,0,temp=49.8'C
nan,nan,2018-11-16T09:48:36.040Z,nan,nan,nan,12.6,0.3,1st,0.0,0.0,0,temp=49.8'C
nan,nan,2018-11-16T09:50:45.050Z,nan,nan,nan,12.6,0.3,1st,0.0,0.0,0,temp=49.8'C
nan,nan,2018-11-16T09:52:55.050Z,nan,nan,nan,12.6,0.3,1st,0.0,0.0,0,temp=49.2'C
nan,nan,2018-11-16T09:55:04.050Z,nan,nan,nan,12.6,0.3,1st,0.0,0.0,0,temp=49.8'C
nan,nan,2018-11-16T09:57:13.050Z,nan,nan,nan,12.6,0.3,1st,0.0,0.0,0,temp=49.2'C
nan,nan,2018-11-16T09:59:22.050Z,nan,nan,nan,12.6,0.3,1st,0.0,0.0,0,temp=49.8'C
nan,nan,2018-11-16T10:01:31.050Z,nan,nan,nan,12.6,0.3,1st,0.0,0.0,0,temp=49.2'C
nan,nan,2018-11-16T10:03:41.050Z,nan,nan,nan,12.6,0.3,1st,0.0,0.0,0,temp=49.8'C
nan,nan,2018-11-16T10:05:50.050Z,nan,nan,nan,12.6,0.3,1st,0.0,0.0,0,temp=49.8'C
nan,nan,2018-11-16T10:07:59.000Z,nan,nan,nan,12.6,0.3,1st,0.0,0.0,0,temp=49.2'C
nan,nan,2018-11-16T10:10:09.000Z,nan,nan,nan,12.5,0.3,1st,0.0,0.0,0,temp=49.2'C
nan,nan,2018-11-16T10:12:18.050Z,nan,nan,nan,12.5,0.3,1st,0.0,0.0,0,temp=49.2'C
nan,nan,2018-11-16T10:14:27.040Z,nan,nan,nan,12.5,0.3,1st,0.0,0.0,0,temp=49.2'C
nan,nan,2018-11-16T10:16:36.040Z,nan,nan,nan,12.5,0.3,1st,0.0,0.0,0,temp=48.7'C
nan,nan,2018-11-16T10:18:47.050Z,nan,nan,nan,12.5,0.3,1st,0.0,0.0,0,temp=49.8'C
nan,nan,2018-11-16T10:20:56.050Z,nan,nan,nan,12.5,0.3,1st,0.0,0.0,0,temp=49.8'C
nan,nan,2018-11-16T10:23:05.040Z,nan,nan,nan,12.5,0.3,1st,0.0,0.0,0,temp=49.8'C
nan,nan,2018-11-16T10:25:14.040Z,nan,nan,nan,12.5,0.3,1st,0.0,0.0,0,temp=49.8'C
nan,nan,2018-11-16T10:27:23.050Z,nan,nan,nan,12.5,0.3,1st,0.0,0.0,0,temp=49.8'C
nan,nan,2018-11-16T10:29:32.050Z,nan,nan,nan,12.5,0.3,1st,0.0,0.0,0,temp=49.2'C
nan,nan,2018-11-16T10:31:41.050Z,nan,nan,nan,12.5,0.3,1st,0.0,0.0,0,temp=49.2'C
nan,nan,2018-11-16T10:33:50.050Z,nan,nan,nan,12.5,0.3,1st,0.0,0.0,0,temp=49.8'C
nan,nan,2018-11-16T10:35:59.000Z,nan,nan,nan,12.5,0.3,1st,0.0,0.0,0,temp=49.8'C
nan,nan,2018-11-16T10:38:08.050Z,nan,nan,nan,12.5,0.3,1st,0.0,0.0,0,temp=49.2'C
nan,nan,2018-11-16T10:40:18.050Z,nan,nan,nan,12.5,0.3,1st,0.0,0.0,0,temp=49.8'C
nan,nan,2018-11-16T10:42:28.050Z,nan,nan,nan,12.5,0.3,1st,0.0,0.0,0,temp=49.8'C
nan,nan,2018-11-16T10:44:37.000Z,nan,nan,nan,12.5,0.3,1st,0.0,0.0,0,temp=49.8'C
nan,nan,2018-11-16T10:46:46.050Z,nan,nan,nan,12.5,0.3,1st,0.0,0.0,0,temp=49.2'C
38.190822379,-83.430414339,2018-11-16T10:48:56.000Z,333.1033,0.729,1835.63007171,12.5,0.3,1st,0.0,0.0,0,temp=49.8'C
38.190858511,-83.430374269,2018-11-16T10:51:05.000Z,354.6032,0.712,1842.40993674,12.5,0.3,1st,0.0,0.0,0,temp=49.2'C
38.191503096,-83.430513979,2018-11-16T10:53:14.000Z,2.2045,1.115,1698.46024308,12.5,0.3,1st,0.0,0.0,0,temp=49.8'C
nan,nan,2018-11-16T10:55:24.050Z,nan,nan,nan,12.5,0.3,1st,0.0,0.0,0,temp=49.8'C
nan,nan,2018-11-16T10:57:33.050Z,nan,nan,nan,12.5,0.3,1st,0.0,0.0,0,temp=49.8'C
38.190414607,-83.430497221,2018-11-16T10:59:42.000Z,241.9611,0.768,1884.6836515,12.5,0.3,1st,0.0,0.0,0,temp=49.8'C
38.190979551,-83.430270492,2018-11-16T11:01:51.000Z,149.3562,0.994,1856.43889834,12.5,0.3,1st,0.0,0.0,0,temp=49.8'C
38.190728331,-83.43043173,2018-11-16T11:04:00.000Z,322.9549,0.959,1846.50471749,12.5,0.3,1st,0.0,0.0,0,temp=49.2'C
nan,nan,2018-11-16T11:06:09.040Z,nan,nan,nan,12.5,0.3,1st,0.0,0.0,0,temp=49.8'C
nan,nan,2018-11-16T11:08:18.040Z,nan,nan,nan,12.5,0.3,1st,0.0,0.0,0,temp=49.8'C
nan,nan,2018-11-16T11:10:27.040Z,nan,nan,nan,12.5,0.3,1st,0.0,0.0,0,temp=49.2'C
nan,nan,2018-11-16T11:12:36.050Z,nan,nan,nan,12.5,0.3,1st,0.0,0.0,0,temp=49.8'C
nan,nan,2018-11-16T11:14:45.040Z,nan,nan,nan,12.5,0.3,1st,0.0,0.0,0,temp=49.8'C
38.19056271,-83.430209685,2018-11-16T11:16:54.000Z,354.3388,0.58,1946.77732339,12.5,0.3,1st,0.0,0.0,0,temp=49.8'C
nan,nan,2018-11-16T11:19:04.040Z,nan,nan,nan,12.5,0.3,1st,0.0,0.0,0,temp=49.8'C
nan,nan,2018-11-16T11:21:13.040Z,nan,nan,nan,12.5,0.3,1st,0.0,0.0,0,temp=49.8'C
nan,nan,2018-11-16T11:23:22.050Z,nan,nan,nan,12.5,0.3,1st,0.0,0.0,0,temp=49.8'C
38.190754852,-83.430314131,2018-11-16T11:25:31.000Z,269.6566,1.008,1879.51299801,12.5,0.3,1st,0.0,0.0,0,temp=49.2'C
nan,nan,2018-11-16T11:27:40.040Z,nan,nan,nan,12.5,0.3,1st,0.0,0.0,0,temp=49.2'C
nan,nan,2018-11-16T11:29:49.050Z,nan,nan,nan,12.5,0.3,1st,0.0,0.0,0,temp=49.8'C
nan,nan,2018-11-16T11:31:58.050Z,nan,nan,nan,12.5,0.3,1st,0.0,0.0,0,temp=49.2'C
38.191039543,-83.430151043,2018-11-16T11:34:07.000Z,48.4465,1.091,1886.56956698,12.5,0.3,1st,0.0,0.0,0,temp=49.2'C
38.191280905,-83.430745453,2018-11-16T11:36:17.000Z,102.9218,0.637,1652.62164822,12.5,0.3,1st,0.0,0.0,0,temp=49.2'C
nan,nan,2018-11-16T11:38:26.050Z,nan,nan,nan,12.5,0.3,1st,0.0,0.0,0,temp=48.7'C
38.19104831,-83.430747718,2018-11-16T11:40:35.000Z,241.4817,0.614,1689.50208048,12.5,0.3,1st,0.0,0.0,0,temp=49.8'C
38.190841435,-83.4301907,2018-11-16T11:42:44.000Z,19.9569,0.853,1904.88113831,12.5,0.3,1st,0.0,0.0,0,temp=49.2'C
nan,nan,2018-11-16T11:44:54.040Z,nan,nan,nan,12.5,0.3,1st,0.0,0.0,0,temp=48.7'C
nan,nan,2018-11-16T11:47:03.040Z,nan,nan,nan,12.5,0.3,1st,0.0,0.0,0,temp=49.8'C
nan,nan,2018-11-16T11:49:12.040Z,nan,nan,nan,12.5,0.3,1st,0.0,0.0,0,temp=49.8'C
nan,nan,2018-11-16T11:51:22.040Z,nan,nan,nan,12.5,0.3,1st,0.0,0.0,0,temp=48.7'C
nan,nan,2018-11-16T11:53:31.040Z,nan,nan,nan,12.5,0.3,1st,0.0,0.0,0,temp=48.7'C
38.191189732,-83.430350412,2018-11-16T11:55:40.000Z,0.0,0.0,1797.66576818,12.5,0.3,1st,0.0,0.0,0,temp=49.8'C
nan,nan,2018-11-16T11:57:50.040Z,nan,nan,nan,12.5,0.3,1st,0.0,0.0,0,temp=49.8'C
nan,nan,2018-11-16T11:59:59.040Z,nan,nan,nan,12.5,0.3,1st,0.0,0.0,0,temp=49.8'C
nan,nan,2018-11-16T12:02:08.040Z,nan,nan,nan,12.5,0.3,1st,0.0,0.0,0,temp=49.8'C
nan,nan,2018-11-16T12:04:17.040Z,nan,nan,nan,12.5,0.3,1st,0.0,0.0,0,temp=49.2'C
nan,nan,2018-11-16T12:06:26.040Z,nan,nan,nan,12.5,0.3,1st,0.0,0.0,0,temp=49.8'C
nan,nan,2018-11-16T12:08:36.050Z,nan,nan,nan,12.5,0.3,1st,0.0,0.0,0,temp=49.8'C
nan,nan,2018-11-16T12:10:45.050Z,nan,nan,nan,12.5,0.3,1st,0.0,0.0,0,temp=49.8'C
nan,nan,2018-11-16T12:12:54.050Z,nan,nan,nan,12.5,0.3,1st,0.0,0.0,0,temp=49.8'C
nan,nan,2018-11-16T12:15:03.050Z,nan,nan,nan,12.5,0.3,1st,0.0,0.0,0,temp=48.7'C
nan,nan,2018-11-16T12:17:12.050Z,nan,nan,nan,12.5,0.3,1st,0.0,0.0,0,temp=50.3'C
nan,nan,2018-11-16T12:19:21.040Z,nan,nan,nan,12.5,0.3,1st,0.0,0.0,0,temp=49.2'C
nan,nan,2018-11-16T12:21:30.050Z,nan,nan,nan,12.5,0.3,1st,0.0,0.0,0,temp=49.2'C
nan,nan,2018-11-16T12:23:39.050Z,nan,nan,nan,12.5,0.3,1st,0.0,0.0,0,temp=49.8'C
nan,nan,2018-11-16T12:25:48.040Z,nan,nan,nan,12.5,0.3,1st,0.0,0.0,0,temp=49.8'C
nan,nan,2018-11-16T12:27:57.040Z,nan,nan,nan,12.5,0.3,1st,0.0,0.0,0,temp=49.8'C
nan,nan,2018-11-16T12:30:06.050Z,nan,nan,nan,12.5,0.3,1st,0.0,0.0,0,temp=49.2'C
nan,nan,2018-11-16T12:32:15.040Z,nan,nan,nan,12.5,0.3,1st,0.0,0.0,0,temp=48.7'C
nan,nan,2018-11-16T12:34:25.050Z,nan,nan,nan,12.5,0.3,1st,0.0,0.0,0,temp=49.8'C
nan,nan,2018-11-16T12:36:34.040Z,nan,nan,nan,12.5,0.3,1st,0.0,0.0,0,temp=48.7'C
nan,nan,2018-11-16T12:38:43.040Z,nan,nan,nan,12.5,0.3,1st,0.0,0.0,0,temp=49.8'C
nan,nan,2018-11-16T12:40:53.040Z,nan,nan,nan,12.5,0.3,1st,0.0,0.0,0,temp=49.8'C
nan,nan,2018-11-16T12:43:02.050Z,nan,nan,nan,12.5,0.3,1st,0.0,0.0,0,temp=49.8'C
nan,nan,2018-11-16T12:45:11.050Z,nan,nan,nan,12.5,0.3,1st,0.0,0.0,0,temp=49.8'C
nan,nan,2018-11-16T12:47:21.050Z,nan,nan,nan,12.5,0.3,1st,0.0,0.0,0,temp=49.8'C
nan,nan,2018-11-16T12:49:30.050Z,nan,nan,nan,12.5,0.3,1st,0.0,0.0,0,temp=49.2'C
nan,nan,2018-11-16T12:51:39.050Z,nan,nan,nan,12.5,0.3,1st,0.0,0.0,0,temp=49.2'C
nan,nan,2018-11-16T12:53:48.050Z,nan,nan,nan,12.5,0.3,1st,0.0,0.0,0,temp=49.8'C
nan,nan,2018-11-16T12:55:57.050Z,nan,nan,nan,12.5,0.3,1st,0.0,0.0,0,temp=49.2'C
nan,nan,2018-11-16T12:58:07.050Z,nan,nan,nan,12.5,0.3,1st,0.0,0.0,0,temp=49.8'C
nan,nan,2018-11-16T13:00:18.050Z,nan,nan,nan,12.5,0.3,1st,0.0,0.0,0,temp=49.8'C
nan,nan,2018-11-16T13:02:27.050Z,nan,nan,nan,12.4,0.3,1st,0.0,0.0,0,temp=49.8'C
nan,nan,2018-11-16T13:04:36.000Z,nan,nan,nan,12.5,0.3,1st,0.0,0.0,0,temp=49.8'C
nan,nan,2018-11-16T13:06:46.050Z,nan,nan,nan,12.5,0.3,1st,0.0,0.0,0,temp=49.8'C
38.190730455,-83.429958682,2018-11-16T13:08:55.000Z,254.7981,2.177,1998.74860718,12.5,0.3,1st,0.0,0.0,0,temp=49.8'C
nan,nan,2018-11-16T13:11:04.050Z,nan,nan,nan,12.5,0.3,1st,0.0,0.0,0,temp=49.8'C
nan,nan,2018-11-16T13:13:13.050Z,nan,nan,nan,12.5,0.3,1st,0.0,0.0,0,temp=49.8'C
nan,nan,2018-11-16T13:15:22.050Z,nan,nan,nan,12.4,0.3,1st,0.0,0.0,0,temp=49.8'C
nan,nan,2018-11-16T13:17:31.050Z,nan,nan,nan,12.5,0.3,1st,0.0,0.0,0,temp=49.8'C
nan,nan,2018-11-16T13:19:41.000Z,nan,nan,nan,12.5,0.3,1st,0.0,0.0,0,temp=49.8'C
38.190973639,-83.43032203,2018-11-16T13:21:50.000Z,11.4688,0.984,1840.4655858,12.5,0.3,1st,0.0,0.0,0,temp=49.8'C
38.190794574,-83.430642982,2018-11-16T13:23:59.000Z,318.7414,1.173,1767.45821816,12.5,0.3,1st,0.0,0.0,0,temp=49.8'C
nan,nan,2018-11-16T13:26:08.050Z,nan,nan,nan,12.4,0.3,1st,0.0,0.0,0,temp=49.8'C
nan,nan,2018-11-16T13:28:17.050Z,nan,nan,nan,12.4,0.3,1st,0.0,0.0,0,temp=48.7'C
nan,nan,2018-11-16T13:30:26.050Z,nan,nan,nan,12.4,0.3,1st,0.0,0.0,0,temp=49.8'C
nan,nan,2018-11-16T13:32:35.050Z,nan,nan,nan,12.4,0.3,1st,0.0,0.0,0,temp=49.8'C
38.190895785,-83.430128778,2018-11-16T13:34:44.000Z,297.6267,0.685,1916.32997915,12.4,0.3,1st,0.0,0.0,0,temp=49.8'C
nan,nan,2018-11-16T13:36:54.050Z,nan,nan,nan,12.5,0.3,1st,0.0,0.0,0,temp=48.7'C
nan,nan,2018-11-16T13:39:03.050Z,nan,nan,nan,12.4,0.3,1st,0.0,0.0,0,temp=49.8'C
38.190687369,-83.429965088,2018-11-16T13:41:12.000Z,197.0079,0.62,2003.78492221,12.4,0.3,1st,0.0,0.0,0,temp=48.7'C
nan,nan,2018-11-16T13:43:21.050Z,nan,nan,nan,12.4,0.3,1st,0.0,0.0,0,temp=49.2'C
nan,nan,2018-11-16T13:45:30.050Z,nan,nan,nan,12.4,0.3,1st,0.0,0.0,0,temp=49.2'C
38.190952376,-83.430248704,2018-11-16T13:47:39.000Z,152.6563,0.78,1867.92451284,12.4,0.3,1st,0.0,0.0,0,temp=48.7'C
38.191071399,-83.430245264,2018-11-16T13:49:49.000Z,274.073,0.124,1850.45815154,12.4,0.3,1st,0.0,0.0,0,temp=49.8'C
38.190873132,-83.429694366,2018-11-16T13:51:58.000Z,126.7029,1.34,2063.49334974,12.4,0.3,1st,0.0,0.0,0,temp=49.8'C
38.191059053,-83.430041564,2018-11-16T13:54:07.000Z,129.9248,0.467,1920.07729401,12.4,0.3,1st,0.0,0.0,0,temp=49.8'C
38.191064609,-83.430219081,2018-11-16T13:56:17.000Z,100.4385,0.884,1860.17780478,12.4,0.3,1st,0.0,0.0,0,temp=49.8'C
38.191043226,-83.430468555,2018-11-16T13:58:26.000Z,29.8579,0.585,1781.25534891,12.4,0.3,1st,0.0,0.0,0,temp=49.8'C
38.190657066,-83.430028441,2018-11-16T14:00:35.000Z,309.9248,0.467,1988.3544589,12.4,0.3,1st,0.0,0.0,0,temp=49.2'C
38.190851496,-83.429960403,2018-11-16T14:02:44.000Z,94.0732,0.124,1978.71565784,12.4,0.3,1st,0.0,0.0,0,temp=49.2'C
38.19095398,-83.430313717,2018-11-16T14:04:53.000Z,219.805,0.216,1846.35554201,12.4,0.3,1st,0.0,0.0,0,temp=49.8'C
38.190628405,-83.429513347,2018-11-16T14:07:02.000Z,124.9825,1.749,2161.08611358,12.4,0.3,1st,0.0,0.0,0,temp=49.8'C
38.191120783,-83.430215226,2018-11-16T14:09:11.000Z,38.2453,0.494,1852.99278711,12.4,0.3,1st,0.0,0.0,0,temp=49.8'C
38.191237664,-83.429817443,2018-11-16T14:11:20.050Z,321.3566,0.773,1970.60381615,12.4,0.3,1st,0.0,0.0,0,temp=48.7'C
38.191085726,-83.430463745,2018-11-16T14:13:30.000Z,34.3551,2.53,1776.05897354,12.4,0.3,1st,0.0,0.0,0,temp=49.2'C
38.191125929,-83.430107881,2018-11-16T14:15:39.000Z,31.2072,1.097,1888.08578229,12.4,0.3,1st,0.0,0.0,0,temp=49.8'C
38.191563837,-83.430849776,2018-11-16T14:17:48.050Z,224.8519,0.69,1576.36487547,12.4,0.3,1st,0.0,0.0,0,temp=49.2'C
nan,nan,2018-11-16T14:19:57.050Z,nan,nan,nan,12.4,0.3,1st,0.0,0.0,0,temp=49.2'C
38.191312819,-83.430297759,2018-11-16T14:22:06.000Z,27.6414,0.298,1797.60981578,12.4,0.3,1st,0.0,0.0,0,temp=49.8'C
nan,nan,2018-11-16T14:24:15.000Z,nan,nan,nan,12.4,0.3,1st,0.0,0.0,0,temp=49.8'C
38.191272681,-83.43045075,2018-11-16T14:26:24.000Z,3.6507,0.449,1751.92978402,12.4,0.3,1st,0.0,0.0,0,temp=49.2'C
38.191284548,-83.430388827,2018-11-16T14:28:33.000Z,321.1849,0.373,1770.96207063,12.4,0.3,1st,0.0,0.0,0,temp=49.2'C
38.191119455,-83.430312475,2018-11-16T14:30:42.000Z,265.3673,0.513,1820.84064608,12.4,0.3,1st,0.0,0.0,0,temp=49.2'C
38.191453737,-83.430511846,2018-11-16T14:32:51.050Z,274.7373,1.759,1705.81445136,12.4,0.3,1st,0.0,0.0,0,temp=49.8'C
nan,nan,2018-11-16T14:35:00.050Z,nan,nan,nan,12.4,0.3,1st,0.0,0.0,0,temp=49.8'C
nan,nan,2018-11-16T14:37:09.050Z,nan,nan,nan,12.4,0.3,1st,0.0,0.0,0,temp=49.2'C
nan,nan,2018-11-16T14:39:18.050Z,nan,nan,nan,12.4,0.3,1st,0.0,0.0,0,temp=49.8'C
nan,nan,2018-11-16T14:41:27.050Z,nan,nan,nan,12.4,0.3,1st,0.0,0.0,0,temp=49.8'C
nan,nan,2018-11-16T14:43:36.050Z,nan,nan,nan,12.4,0.3,1st,0.0,0.0,0,temp=48.7'C
nan,nan,2018-11-16T14:45:47.050Z,nan,nan,nan,12.4,0.3,1st,0.0,0.0,0,temp=49.8'C
nan,nan,2018-11-16T14:47:56.050Z,nan,nan,nan,12.4,0.3,1st,0.0,0.0,0,temp=49.2'C
nan,nan,2018-11-16T14:50:05.050Z,nan,nan,nan,12.4,0.3,1st,0.0,0.0,0,temp=49.8'C
nan,nan,2018-11-16T14:52:14.050Z,nan,nan,nan,12.4,0.3,1st,0.0,0.0,0,temp=49.8'C
nan,nan,2018-11-16T14:54:23.050Z,nan,nan,nan,12.4,0.3,1st,0.0,0.0,0,temp=49.8'C
nan,nan,2018-11-16T14:56:32.050Z,nan,nan,nan,12.4,0.3,1st,0.0,0.0,0,temp=49.8'C
38.191301194,-83.429947633,2018-11-16T14:58:41.000Z,35.8382,0.163,1917.9013449,12.4,0.3,1st,0.0,0.0,0,temp=49.2'C
nan,nan,2018-11-16T15:00:50.000Z,nan,nan,nan,12.4,0.3,1st,0.0,0.0,0,temp=49.2'C
38.190660709,-83.430304797,2018-11-16T15:02:59.000Z,120.9065,0.434,1898.99220754,12.4,0.3,1st,0.0,0.0,0,temp=49.8'C
nan,nan,2018-11-16T15:05:09.050Z,nan,nan,nan,12.4,0.3,1st,0.0,0.0,0,temp=49.8'C
38.190803411,-83.430297439,2018-11-16T15:07:18.000Z,287.1477,1.3,1876.58308809,12.4,0.3,1st,0.0,0.0,0,temp=49.8'C
38.190703464,-83.430283424,2018-11-16T15:09:27.000Z,130.1451,0.631,1898.2970175,12.4,0.3,1st,0.0,0.0,0,temp=49.8'C
nan,nan,2018-11-16T15:11:36.050Z,nan,nan,nan,12.4,0.3,1st,0.0,0.0,0,temp=49.2'C
nan,nan,2018-11-16T15:13:45.050Z,nan,nan,nan,12.4,0.3,1st,0.0,0.0,0,temp=49.8'C
nan,nan,2018-11-16T15:15:56.000Z,nan,nan,nan,12.4,0.3,1st,0.0,0.0,0,temp=49.8'C
nan,nan,2018-11-16T15:18:05.050Z,nan,nan,nan,12.4,0.3,1st,0.0,0.0,0,temp=49.2'C
38.190480729,-83.430163022,2018-11-16T15:20:14.000Z,14.4361,0.498,1976.42224692,12.4,0.3,1st,0.0,0.0,0,temp=49.8'C
38.1911614,-83.43019414,2018-11-16T15:22:23.000Z,169.4329,0.443,1854.04306874,12.4,0.3,1st,0.0,0.0,0,temp=49.8'C
nan,nan,2018-11-16T15:24:33.050Z,nan,nan,nan,12.4,0.3,1st,0.0,0.0,0,temp=49.8'C
nan,nan,2018-11-16T15:26:42.050Z,nan,nan,nan,12.4,0.3,1st,0.0,0.0,0,temp=50.3'C
38.190949841,-83.430331394,2018-11-16T15:28:51.000Z,325.4342,0.8,1841.24208469,12.4,0.3,1st,0.0,0.0,0,temp=49.8'C
nan,nan,2018-11-16T15:31:00.050Z,nan,nan,nan,12.4,0.3,1st,0.0,0.0,0,temp=49.2'C
38.190816719,-83.430476675,2018-11-16T15:33:09.000Z,207.7196,0.472,1816.57684423,12.4,0.3,1st,0.0,0.0,0,temp=49.2'C
Just sent msg to Iridium0,0,0,0,0,0,0.0,0.0,0,0.0,0.0,0,0nan,nan,2018-11-16T17:12:30.640Z,nan,nan,nan,1.0,-0.0,1st,0.0,0.0,0,temp=40.1'C
nan,nan,2018-11-16T17:14:40.630Z,nan,nan,nan,1.0,-0.0,1st,0.0,0.0,0,temp=42.8'C
nan,nan,2018-11-16T17:16:49.630Z,nan,nan,nan,1.0,-0.0,1st,0.0,0.0,0,temp=44.4'C
nan,nan,2018-11-16T17:18:58.640Z,nan,nan,nan,1.0,-0.0,1st,0.0,0.0,0,temp=45.5'C
nan,nan,2018-11-16T17:21:07.640Z,nan,nan,nan,1.0,-0.0,1st,0.0,0.0,0,temp=46.0'C
nan,nan,2018-11-16T17:23:16.630Z,nan,nan,nan,1.0,-0.0,1st,0.0,0.0,0,temp=46.5'C
nan,nan,2018-11-16T17:25:26.580Z,nan,nan,nan,1.0,-0.0,1st,0.0,0.0,0,temp=47.1'C
nan,nan,2018-11-16T17:27:35.580Z,nan,nan,nan,1.0,0.0,1st,0.0,0.0,0,temp=47.6'C
nan,nan,2018-11-16T17:29:44.580Z,nan,nan,nan,1.0,-0.0,1st,0.0,0.0,0,temp=47.6'C
nan,nan,2018-11-16T17:31:53.590Z,nan,nan,nan,1.0,-0.0,1st,0.0,0.0,0,temp=48.2'C
nan,nan,2018-11-16T17:34:02.590Z,nan,nan,nan,1.0,-0.0,1st,0.0,0.0,0,temp=48.2'C
nan,nan,2018-11-16T17:36:12.580Z,nan,nan,nan,1.0,-0.0,1st,0.0,0.0,0,temp=48.7'C
nan,nan,2018-11-16T17:38:22.580Z,nan,nan,nan,1.0,-0.0,1st,0.0,0.0,0,temp=48.7'C
nan,nan,2018-11-16T17:40:31.580Z,nan,nan,nan,1.0,-0.0,1st,0.0,0.0,0,temp=48.7'C
nan,nan,2018-11-16T17:42:40.590Z,nan,nan,nan,1.0,-0.0,1st,0.0,0.0,0,temp=48.7'C
nan,nan,2018-11-16T17:44:49.590Z,nan,nan,nan,1.0,-0.0,1st,0.0,0.0,0,temp=48.7'C
nan,nan,2018-11-16T17:46:58.590Z,nan,nan,nan,1.0,-0.0,1st,0.0,0.0,0,temp=48.7'C
nan,nan,2018-11-16T17:49:07.590Z,nan,nan,nan,1.0,-0.0,1st,0.0,0.0,0,temp=48.7'C
nan,nan,2018-11-16T17:51:16.590Z,nan,nan,nan,1.0,0.0,1st,0.0,0.0,0,temp=49.2'C
nan,nan,2018-11-16T17:53:26.590Z,nan,nan,nan,1.0,-0.0,1st,0.0,0.0,0,temp=49.2'C
nan,nan,2018-11-16T17:55:35.590Z,nan,nan,nan,1.0,-0.0,1st,0.0,0.0,0,temp=49.8'C
nan,nan,2018-11-16T17:57:44.590Z,nan,nan,nan,1.0,-0.0,1st,0.0,0.0,0,temp=49.8'C
nan,nan,2018-11-16T17:59:53.590Z,nan,nan,nan,1.0,-0.0,1st,0.0,0.0,0,temp=49.8'C
nan,nan,2018-11-16T18:02:02.590Z,nan,nan,nan,1.0,-0.0,1st,0.0,0.0,0,temp=50.3'C
nan,nan,2018-11-16T18:04:11.580Z,nan,nan,nan,1.0,-0.0,1st,0.0,0.0,0,temp=49.8'C
nan,nan,2018-11-16T18:06:21.580Z,nan,nan,nan,1.0,-0.0,1st,0.0,0.0,0,temp=50.3'C
nan,nan,2018-11-16T18:08:31.580Z,nan,nan,nan,1.0,-0.0,1st,0.0,0.0,0,temp=50.8'C
nan,nan,2018-11-16T18:10:43.580Z,nan,nan,nan,1.0,-0.0,1st,0.0,0.0,0,temp=50.8'C
nan,nan,2018-11-16T18:12:52.580Z,nan,nan,nan,1.0,-0.0,1st,0.0,0.0,0,temp=50.3'C
nan,nan,2018-11-16T18:15:03.580Z,nan,nan,nan,1.0,-0.0,1st,0.0,0.0,0,temp=50.8'C
nan,nan,2018-11-16T18:17:13.580Z,nan,nan,nan,1.0,-0.0,1st,0.0,0.0,0,temp=50.8'C
nan,nan,2018-11-16T18:19:23.590Z,nan,nan,nan,1.0,-0.0,1st,0.0,0.0,0,temp=50.8'C
nan,nan,2018-11-16T18:21:33.590Z,nan,nan,nan,1.0,-0.0,1st,0.0,0.0,0,temp=50.8'C
nan,nan,2018-11-16T18:23:42.590Z,nan,nan,nan,1.0,-0.0,1st,0.0,0.0,0,temp=50.3'C
nan,nan,2018-11-16T18:25:52.590Z,nan,nan,nan,1.0,-0.0,1st,0.0,0.0,0,temp=50.8'C
nan,nan,2018-11-16T18:28:01.590Z,nan,nan,nan,1.0,-0.0,1st,0.0,0.0,0,temp=49.8'C
nan,nan,2018-11-16T18:30:11.600Z,nan,nan,nan,1.0,-0.0,1st,0.0,0.0,0,temp=50.3'C
nan,nan,2018-11-16T18:32:20.600Z,nan,nan,nan,1.0,-0.0,1st,0.0,0.0,0,temp=50.8'C
nan,nan,2018-11-16T18:34:29.590Z,nan,nan,nan,1.0,-0.0,1st,0.0,0.0,0,temp=50.8'C
nan,nan,2018-11-16T18:36:38.590Z,nan,nan,nan,1.0,-0.0,1st,0.0,0.0,0,temp=50.8'C
nan,nan,2018-11-16T18:38:48.600Z,nan,nan,nan,1.0,-0.0,1st,0.0,0.0,0,temp=50.8'C
nan,nan,2018-11-16T18:40:58.590Z,nan,nan,nan,1.0,-0.0,1st,0.0,0.0,0,temp=50.8'C
nan,nan,2018-11-16T18:43:07.590Z,nan,nan,nan,1.0,-0.0,1st,0.0,0.0,0,temp=50.8'C
nan,nan,2018-11-16T18:45:16.590Z,nan,nan,nan,1.0,-0.0,1st,0.0,0.0,0,temp=50.8'C
nan,nan,2018-11-16T18:47:25.600Z,nan,nan,nan,1.0,-0.0,1st,0.0,0.0,0,temp=50.8'C
nan,nan,2018-11-16T18:49:34.600Z,nan,nan,nan,1.0,-0.0,1st,0.0,0.0,0,temp=50.8'C
nan,nan,2018-11-16T18:51:43.600Z,nan,nan,nan,1.0,-0.0,1st,0.0,0.0,0,temp=50.8'C
nan,nan,2018-11-16T18:53:52.600Z,nan,nan,nan,1.0,-0.0,1st,0.0,0.0,0,temp=50.8'C
nan,nan,2018-11-16T18:56:01.600Z,nan,nan,nan,1.0,-0.0,1st,0.0,0.0,0,temp=50.8'C
nan,nan,2018-11-16T18:58:10.600Z,nan,nan,nan,1.0,-0.0,1st,0.0,0.0,0,temp=50.8'C
nan,nan,2018-11-16T19:00:19.600Z,nan,nan,nan,1.0,-0.0,1st,0.0,0.0,0,temp=51.4'C
nan,nan,2018-11-16T19:02:28.590Z,nan,nan,nan,1.0,-0.0,1st,0.0,0.0,0,temp=50.8'C
nan,nan,2018-11-16T19:04:37.590Z,nan,nan,nan,1.0,-0.0,1st,0.0,0.0,0,temp=51.9'C
nan,nan,2018-11-16T19:06:46.590Z,nan,nan,nan,1.0,-0.0,1st,0.0,0.0,0,temp=51.9'C
nan,nan,2018-11-16T19:08:55.600Z,nan,nan,nan,1.0,-0.0,1st,0.0,0.0,0,temp=52.5'C
nan,nan,2018-11-16T19:11:05.590Z,nan,nan,nan,1.0,-0.0,1st,0.0,0.0,0,temp=52.5'C
nan,nan,2018-11-16T19:13:14.600Z,nan,nan,nan,1.0,-0.0,1st,0.0,0.0,0,temp=53.0'C
nan,nan,2018-11-16T19:15:23.600Z,nan,nan,nan,1.0,-0.0,1st,0.0,0.0,0,temp=52.5'C
nan,nan,2018-11-16T19:17:32.610Z,nan,nan,nan,1.0,-0.0,1st,0.0,0.0,0,temp=53.0'C
nan,nan,2018-11-16T19:19:41.610Z,nan,nan,nan,1.0,-0.0,1st,0.0,0.0,0,temp=51.9'C
nan,nan,2018-11-16T19:21:50.610Z,nan,nan,nan,1.0,-0.0,1st,0.0,0.0,0,temp=51.9'C
nan,nan,2018-11-16T19:23:59.600Z,nan,nan,nan,1.0,-0.0,1st,0.0,0.0,0,temp=52.5'C
nan,nan,2018-11-16T19:26:08.610Z,nan,nan,nan,1.0,-0.0,1st,0.0,0.0,0,temp=51.9'C
nan,nan,2018-11-16T19:28:18.620Z,nan,nan,nan,1.0,-0.0,1st,0.0,0.0,0,temp=51.9'C
nan,nan,2018-11-16T19:30:27.620Z,nan,nan,nan,1.0,-0.0,1st,0.0,0.0,0,temp=51.9'C
nan,nan,2018-11-16T19:32:37.620Z,nan,nan,nan,1.0,-0.0,1st,0.0,0.0,0,temp=51.9'C
nan,nan,2018-11-16T19:34:46.620Z,nan,nan,nan,1.0,-0.0,1st,0.0,0.0,0,temp=51.9'C
nan,nan,2018-11-16T19:36:55.620Z,nan,nan,nan,1.0,-0.0,1st,0.0,0.0,0,temp=51.9'C
nan,nan,2018-11-16T19:39:04.620Z,nan,nan,nan,1.0,-0.0,1st,0.0,0.0,0,temp=51.9'C
nan,nan,2018-11-16T19:41:13.620Z,nan,nan,nan,1.0,-0.0,1st,0.0,0.0,0,temp=51.9'C
nan,nan,2018-11-16T19:43:22.620Z,nan,nan,nan,1.0,-0.0,1st,0.0,0.0,0,temp=51.9'C
nan,nan,2018-11-16T19:45:31.620Z,nan,nan,nan,1.0,-0.0,1st,0.0,0.0,0,temp=51.9'C
nan,nan,2018-11-16T19:47:40.630Z,nan,nan,nan,1.0,-0.0,1st,0.0,0.0,0,temp=51.4'C
nan,nan,2018-11-16T19:49:49.630Z,nan,nan,nan,1.0,-0.0,1st,0.0,0.0,0,temp=51.4'C
nan,nan,2018-11-16T19:51:58.630Z,nan,nan,nan,1.0,-0.0,1st,0.0,0.0,0,temp=51.4'C
nan,nan,2018-11-16T19:54:07.630Z,nan,nan,nan,1.0,-0.0,1st,0.0,0.0,0,temp=50.8'C
nan,nan,2018-11-16T19:56:16.630Z,nan,nan,nan,1.0,-0.0,1st,0.0,0.0,0,temp=50.8'C
nan,nan,2018-11-16T19:58:25.620Z,nan,nan,nan,1.0,-0.0,1st,0.0,0.0,0,temp=51.4'C
nan,nan,2018-11-16T20:00:34.640Z,nan,nan,nan,1.0,-0.0,1st,0.0,0.0,0,temp=51.4'C
nan,nan,2018-11-16T20:02:43.630Z,nan,nan,nan,1.0,-0.0,1st,0.0,0.0,0,temp=50.8'C
nan,nan,2018-11-16T20:04:52.630Z,nan,nan,nan,1.0,-0.0,1st,0.0,0.0,0,temp=50.8'C
nan,nan,2018-11-16T20:07:01.630Z,nan,nan,nan,1.0,-0.0,1st,0.0,0.0,0,temp=51.4'C
nan,nan,2018-11-16T20:09:10.630Z,nan,nan,nan,1.0,-0.0,1st,0.0,0.0,0,temp=51.4'C
nan,nan,2018-11-16T20:11:19.630Z,nan,nan,nan,1.0,-0.0,1st,0.0,0.0,0,temp=50.8'C
                                                         Just sent msg to Iridium0,0,0,0,0,0,0.0,0.0,0,0.0,0.0,0,0Just sent msg to Iridium0,0,0,0,0,0,0.0,0.0,0,0.0,0.0,0,0Just sent msg to Iridium0,0,0,0,0,0,0.0,0.0,0,0.0,0.0,0,0                                                         Just sent msg to Iridium0,0,0,0,0,0,0.0,0.0,0,0.0,0.0,0,0Just sent msg to Iridium0,0,0,0,0,0,0.0,0.0,0,0.0,0.0,0,0Just sent msg to Iridium0,0,0,0,0,0,0.0,0.0,0,0.0,0.0,0,0Just sent msg to Iridium0,0,0,0,0,0,0.0,0.0,0,0.0,0.0,0,0                                                         Just sent msg to Iridium0,0,0,0,0,0,0.0,0.0,0,0.0,0.0,0,00,0,0,0,0,0,0.0,0.0,0,0.0,0.0,0,00,0,0,0,0,0,0.0,0.0,0,0.0,0.0,0,00,0,0,0,0,0,0.0,0.0,0,0.0,0.0,0,00,0,0,0,0,0,0.0,0.0,0,0.0,0.0,0,00,0,0,0,0,0,0.0,0.0,0,0.0,0.0,0,00,0,0,0,0,0,0.0,0.0,0,0.0,0.0,0,00,0,0,0,0,0,0.0,0.0,0,0.0,0.0,0,00,0,0,0,0,0,0.0,0.0,0,0.0,0.0,0,00,0,0,0,0,0,0.0,0.0,0,0.0,0.0,0,00,0,0,0,0,0,0.0,0.0,0,0.0,0.0,0,00,0,0,0,0,0,0.0,0.0,0,0.0,0.0,0,00,0,0,0,0,0,0.0,0.0,0,0.0,0.0,0,00,0,0,0,0,0,0.0,0.0,0,0.0,0.0,0,00,0,0,0,0,0,0.0,0.0,0,0.0,0.0,0,00,0,0,0,0,0,0.0,0.0,0,0.0,0.0,0,00,0,0,0,0,0,0.0,0.0,0,0.0,0.0,0,00,0,0,0,0,0,0.0,0.0,0,0.0,0.0,0,00,0,0,0,0,0,0.0,0.0,0,0.0,0.0,0,00,0,0,0,0,0,0.0,0.0,0,0.0,0.0,0,00,0,0,0,0,0,0.0,0.0,0,0.0,0.0,0,00,0,0,0,0,0,0.0,0.0,0,0.0,0.0,0,00,0,0,0,0,0,0.0,0.0,0,0.0,0.0,0,00,0,0,0,0,0,0.0,0.0,0,0.0,0.0,0,00,0,0,0,0,0,0.0,0.0,0,0.0,0.0,0,0Just sent msg to Iridium0,0,0,0,0,0,0.0,0.0,0,0.0,0.0,0,0Just sent msg to Iridium0,0,0,0,0,0,0.0,0.0,0,0.0,0.0,0,0Just sent msg to Iridium0,0,0,0,0,0,0.0,0.0,0,0.0,0.0,0,0Just sent msg to Iridium0,0,0,0,0,0,0.0,0.0,0,0.0,0.0,0,0Just sent msg to Iridium0,0,0,0,0,0,0.0,0.0,0,0.0,0.0,0,0Just sent msg to Iridium0,0,0,0,0,0,0.0,0.0,0,0.0,0.0,0,0Just sent msg to Iridium0,0,0,0,0,0,0.0,0.0,0,0.0,0.0,0,0Just sent msg to Iridium0,0,0,0,0,0,0.0,0.0,0,0.0,0.0,0,0Just sent msg to Iridium0,0,0,0,0,0,0.0,0.0,0,0.0,0.0,0,038.190787285,-83.43027785,2018-11-28T23:33:24.000Z,0.0,0.0,1885.65080618,1.1,-0.0,1st,0.0,0.0,0,temp=22.9'C
Just sent msg to Iridium0,0,0,0,0,0,0.0,0.0,0,0.0,0.0,0,00.0,0.0,,nan,nan,33499304.6235,1.1,-0.0,1st,0.0,0.0,0,temp=37.4'C
0,0,0,0,0,0,0.0,0.0,0,0.0,0.0,0,00.0,0.0,,nan,nan,33499304.6235,1.1,-0.0,1st,0.0,0.0,0,temp=48.7'C
0.0,0.0,0,0,0,0,0.0,0.0,0,0.0,0.0,0,00.0,0.0,,nan,nan,33499305,1.1,-0.0,1st,0.0,0.0,0,49.2
0.0,0.0,0,0,0,0,0.0,0.0,0,0.0,0.0,0,00.0,0.0,0,0.0,0.0,0,0.0,0.0,0,0.0,0.0,0,00.0,0.0,,nan,nan,33499305,1.1,-0.0,1st,0.0,0.0,0,43.3
0.0,0.0,,nan,nan,33499305,1.1,-0.0,1st,0.0,0.0,0,43.3
38.19075,-83.43017,181129231814,205.1,1.0,1929,1.1,-0.0,1st,0.0,0.0,0,43.3
38.19074,-83.43018,181129231815,221.6,1.2,1925,1.1,-0.0,1st,0.0,0.0,0,43.3
38.19074,-83.43018,181129231815,221.6,1.2,1925,1.1,-0.0,1st,0.0,0.0,0,43.3
38.19073,-83.43018,181129231817,184.7,0.4,1927,1.1,-0.0,1st,0.0,0.0,0,42.8
38.19072,-83.43019,181129231818,195.2,0.6,1924,1.1,-0.0,1st,0.0,0.0,0,43.3
38.19073,-83.43019,181129231819,57.5,0.5,1923,1.1,-0.0,1st,0.0,0.0,0,43.3
38.19073,-83.43019,181129231820,334.8,0.5,1923,1.1,-0.0,1st,0.0,0.0,0,43.3
38.19074,-83.43019,181129231821,22.2,1.2,1921,1.1,-0.0,1st,0.0,0.0,0,43.3
38.19074,-83.43019,181129231823,144.1,0.6,1922,1.1,-0.0,1st,0.0,0.0,0,43.3
38.19074,-83.43019,181129231824,77.3,0.3,1922,1.1,-0.0,1st,0.0,0.0,0,43.3
38.19074,-83.43019,181129231824,77.3,0.3,1922,1.1,-0.0,1st,0.0,0.0,0,42.8
38.19075,-83.4302,181129231826,329.1,0.2,1916,1.1,-0.0,1st,0.0,0.0,0,43.3
38.19075,-83.4302,181129231827,329.1,0.2,1916,1.1,-0.0,1st,0.0,0.0,0,43.3
38.19075,-83.4302,181129231827,329.1,0.2,1916,1.1,-0.0,1st,0.0,0.0,0,43.3
38.19077,-83.43021,181129231829,285.1,0.5,1911,1.1,-0.0,1st,0.0,0.0,0,43.3
38.19077,-83.43022,181129231830,17.9,0.5,1906,1.1,-0.0,1st,0.0,0.0,0,42.8
38.19078,-83.43022,181129231831,59.1,0.3,1906,1.1,-0.0,1st,0.0,0.0,0,43.3
38.19078,-83.43022,181129231832,274.1,0.1,1906,1.1,-0.0,1st,0.0,0.0,0,42.8
38.19078,-83.43022,181129231833,129.9,0.5,1905,1.1,-0.0,1st,0.0,0.0,0,42.8
38.19079,-83.43022,181129231834,338.7,0.3,1905,1.1,-0.0,1st,0.0,0.0,0,43.3
38.1908,-83.43024,181129231836,274.1,0.9,1895,1.1,-0.0,1st,0.0,0.0,0,42.8
38.1908,-83.43024,181129231836,274.1,0.9,1895,1.1,-0.0,1st,0.0,0.0,0,42.8
0.0,0.0,0,0.0,0.0,0,0.0,0.0,0,0.0,0.0,0,00.0,0.0,,nan,nan,33499305,1.1,-0.0,1st,0.0,0.0,0,29.3
0.0,0.0,,nan,nan,33499305,1.1,-0.0,1st,0.0,0.0,0,29.3
0.0,0.0,,nan,nan,33499305,1.1,-0.0,1st,0.0,0.0,0,29.9
0.0,0.0,,nan,nan,33499305,1.1,-0.0,1st,0.0,0.0,0,29.9
0.0,0.0,,nan,nan,33499305,1.1,-0.0,1st,0.0,0.0,0,29.9
0.0,0.0,,nan,nan,33499305,1.1,-0.0,1st,0.0,0.0,0,29.3
